LDA Logistic regression results:
[(2, 1), (5, 1), (6, 1), (7, 1), (8, 1), (9, 1), (10, 1), (11, 1)]
For 2 topics, score is 0.382
[(2, 1), (5, 1), (6, 1), (7, 1), (8, 1), (9, 1), (10, 1), (11, 1)]
For 3 topics, score is 0.338
[(2, 1), (5, 1), (6, 1), (7, 1), (8, 1), (9, 1), (10, 1), (11, 1)]
For 4 topics, score is 0.366
[(2, 1), (5, 1), (6, 1), (7, 1), (8, 1), (9, 1), (10, 1), (11, 1)]
For 5 topics, score is 0.394
[(2, 1), (5, 1), (6, 1), (7, 1), (8, 1), (9, 1), (10, 1), (11, 1)]
For 6 topics, score is 0.2806666666666667
[(2, 1), (5, 1), (6, 1), (7, 1), (8, 1), (9, 1), (10, 1), (11, 1)]
For 7 topics, score is 0.4226666666666667
[(2, 1), (5, 1), (6, 1), (7, 1), (8, 1), (9, 1), (10, 1), (11, 1)]
For 8 topics, score is 0.31
[(2, 1), (5, 1), (6, 1), (7, 1), (8, 1), (9, 1), (10, 1), (11, 1)]
For 9 topics, score is 0.43333333333333335
[(2, 1), (5, 1), (6, 1), (7, 1), (8, 1), (9, 1), (10, 1), (11, 1)]
For 10 topics, score is 0.3313333333333333
[(2, 1), (5, 1), (6, 1), (7, 1), (8, 1), (9, 1), (10, 1), (11, 1)]
For 11 topics, score is 0.29733333333333334
[(2, 1), (5, 1), (6, 1), (7, 1), (8, 1), (9, 1), (10, 1), (11, 1)]
For 12 topics, score is 0.3953333333333333
[(2, 1), (5, 1), (6, 1), (7, 1), (8, 1), (9, 1), (10, 1), (11, 1)]
For 13 topics, score is 0.30533333333333335
[(2, 1), (5, 1), (6, 1), (7, 1), (8, 1), (9, 1), (10, 1), (11, 1)]
For 14 topics, score is 0.364
[(2, 1), (5, 1), (6, 1), (7, 1), (8, 1), (9, 1), (10, 1), (11, 1)]
For 15 topics, score is 0.354
[(2, 1), (5, 1), (6, 1), (7, 1), (8, 1), (9, 1), (10, 1), (11, 1)]
For 16 topics, score is 0.348
[(2, 1), (5, 1), (6, 1), (7, 1), (8, 1), (9, 1), (10, 1), (11, 1)]
For 17 topics, score is 0.2773333333333333
[(2, 1), (5, 1), (6, 1), (7, 1), (8, 1), (9, 1), (10, 1), (11, 1)]
For 18 topics, score is 0.38
[(2, 1), (5, 1), (6, 1), (7, 1), (8, 1), (9, 1), (10, 1), (11, 1)]
For 19 topics, score is 0.38
[(2, 1), (5, 1), (6, 1), (7, 1), (8, 1), (9, 1), (10, 1), (11, 1)]
For 20 topics, score is 0.3473333333333333
[(2, 1), (5, 1), (6, 1), (7, 1), (8, 1), (9, 1), (10, 1), (11, 1)]
For 21 topics, score is 0.37733333333333335
[(2, 1), (5, 1), (6, 1), (7, 1), (8, 1), (9, 1), (10, 1), (11, 1)]
For 22 topics, score is 0.328
[(2, 1), (5, 1), (6, 1), (7, 1), (8, 1), (9, 1), (10, 1), (11, 1)]
For 23 topics, score is 0.38
[(2, 1), (5, 1), (6, 1), (7, 1), (8, 1), (9, 1), (10, 1), (11, 1)]
For 24 topics, score is 0.374
[(2, 1), (5, 1), (6, 1), (7, 1), (8, 1), (9, 1), (10, 1), (11, 1)]
For 25 topics, score is 0.37733333333333335
[(2, 1), (5, 1), (6, 1), (7, 1), (8, 1), (9, 1), (10, 1), (11, 1)]
For 26 topics, score is 0.35333333333333333
[(2, 1), (5, 1), (6, 1), (7, 1), (8, 1), (9, 1), (10, 1), (11, 1)]
For 27 topics, score is 0.3626666666666667
[(2, 1), (5, 1), (6, 1), (7, 1), (8, 1), (9, 1), (10, 1), (11, 1)]
For 28 topics, score is 0.30933333333333335
[(2, 1), (5, 1), (6, 1), (7, 1), (8, 1), (9, 1), (10, 1), (11, 1)]
For 29 topics, score is 0.3893333333333333